<=
0.537109 0.776855 0.000102222
0.673828 0.648926 -0.067482
0.712891 0.503418 -0.148392
0.702637 0.364502 -0.219116
0.658203 0.295898 -0.285339
0.578613 0.531738 -0.184937
0.54834 0.41748 -0.231934
0.552734 0.40625 -0.224915
0.545898 0.424805 -0.216827
0.458008 0.561523 -0.176697
0.407471 0.452881 -0.234985
0.424316 0.438477 -0.213928
0.437256 0.454834 -0.200958
0.357178 0.595703 -0.167847
0.310547 0.483887 -0.20401
0.329346 0.480957 -0.174255
0.348389 0.504883 -0.154953
0.273682 0.631348 -0.164642
0.229736 0.547852 -0.184021
0.240234 0.538574 -0.179901
0.252686 0.548828 -0.170593

